time,x,y,z,phi,theta,psi,x_velocity,y_velocity,z_velocity,phi_velocity,theta_velocity,psi_velocity,rotor_speed1,rotor_speed2,rotor_speed3,rotor_speed4
0.06,6.758215435402363e-08,-5.358182263346063e-08,10.002228020318107,6.282858287287908,6.283068091775746,0.0,7.695496588564145e-06,-1.4721394780241309e-05,0.07426475348478002,-0.0195298753261547,-0.006179258496312442,0.0,429.0841882337254,428.55942180304237,429.3214744585223,427.6615888449022
0.12000000000000001,5.180674981530742e-06,-1.435978998170095e-05,10.013548727138051,6.281571088063933,6.2825575151963164,0.0,0.00021553366344867134,-0.0006106403129555822,0.30305869096405774,-0.02560765253844675,-0.013633452709026167,0.0,476.9874532509187,476.41807158378674,475.5934156754112,475.1277844862346
0.18,3.7433986779920185e-05,-9.893228966928893e-05,10.039261950470953,6.279796010997602,6.281984258794269,0.0,0.0009447183593597761,-0.002412309627608795,0.5539601256172128,-0.03904075753333053,-0.0024399593434198622,0.0,483.2968940633747,484.1398124672721,481.8688347435965,480.8522299609519
0.23999999999999996,0.0001172520865694139,-0.00031541946243605966,10.073610877436149,6.2774648163540565,6.281632777069568,0.0,0.001737943717306434,-0.005020437502321571,0.5909844600612607,-0.03848092530075354,-0.013762804591121953,0.0,416.93984857162445,415.94966572732545,417.0742130745606,417.12224204330806
0.3,0.00025661810299752426,-0.0007455543270418636,10.112365751558153,6.275005425989324,6.281322749420138,0.0,0.002962138288988088,-0.009563107459459232,0.7007815422143109,-0.046548578634512054,0.008057131622048345,0.0,439.1414890582462,440.94753923205144,441.052465265578,440.3848286960105
0.36000000000000004,0.0004738718258644118,-0.0015151975523434904,10.159263532442878,6.272051095237519,6.282129775085549,0.0,0.004205829078455065,-0.016409351789506706,0.8623666450731289,-0.055248041216792027,0.022498805065968387,0.0,455.9444267989245,457.096491135568,456.9408928186506,456.2454911415779
0.4200000000000001,0.0007451993588243075,-0.002777195114596334,10.216984274939307,6.268961060933741,0.00036228697919327146,0.0,0.0046767066264720315,-0.026027928641861854,1.0614897911820684,-0.0449004333238799,0.025802157092950983,0.0,468.129216020288,468.3861865765584,467.5063246332735,468.3101914516881
0.48000000000000015,0.001010120572077652,-0.004637830952926641,10.283374554164888,6.266896631334953,0.003393716963692839,0.0,0.003901399083637899,-0.03622554142732999,1.1514289378139047,-0.019010404986249032,0.07759924222965037,0.0,432.4170216202639,436.7594015180331,434.05495161986954,436.2213560839695
0.5400000000000001,0.0011580257581055471,-0.007144121684814809,10.354990899727468,6.266116532817627,0.008295370399904023,0.0,0.0005517168154877098,-0.04740968296136724,1.2356908545684575,-0.0030952247838993835,0.08882861234577907,0.0,432.76908495872993,433.71868847334497,432.58970360721173,433.92773462627423
0.6000000000000002,0.001005117500199302,-0.010331615219906734,10.431515679015348,6.265789044024894,0.013542802071664362,0.0,-0.006171334871853974,-0.058863529266615346,1.3150409862328276,-0.010661231464825312,0.08456481831479429,0.0,431.78923085014435,431.4359994280538,432.46598521621354,431.828384031029
0.6600000000000003,0.000323697708215482,-0.014239457122754297,10.514220572403318,6.26505643864807,0.018871623449246755,0.0,-0.017092716734955833,-0.07146768323237214,1.4416273850251673,-0.01550311721646915,0.09618148545568989,0.0,447.21598174476065,448.1675418186378,446.5714006273685,446.17643356543573
0.7200000000000003,-0.0012163875198646617,-0.018999353590805384,10.608830415494559,6.264034437449638,0.02501172203300861,0.0,-0.0349963243787649,-0.08731260195289682,1.7116509449419766,-0.020284141254410047,0.11243243834359774,0.0,489.56288021684094,490.77834917008016,489.9269811392558,489.5715175265729
0.7800000000000004,-0.003950073166966311,-0.024705699529480818,10.71799133060523,6.262479669066266,0.03197377545607338,0.0,-0.05693443714606162,-0.10305296304818093,1.9266823269405877,-0.04061153820680705,0.12240312379500187,0.0,475.7621997072178,476.5359379647495,474.4399318671743,472.8766198288588
0.8400000000000004,-0.008010178333931367,-0.031297637798107764,10.835240572440089,6.259905951736091,0.0394468712722551,0.0,-0.07910576732344742,-0.11691430379710896,1.9815006644915203,-0.047904601519195115,0.1285314086812798,0.0,425.18040914146,425.71990838324797,427.23420707028396,426.6108547163941
0.9000000000000005,-0.013608564479116738,-0.038808667218819454,10.957299442639686,6.257089081310827,0.04720939149859937,0.0,-0.10829491664312026,-0.13374067285508925,2.0868980205265557,-0.045100455670088094,0.13101023489918268,0.0,442.3150463346417,442.5345304426415,442.8427869211792,443.0720448841724
0.9600000000000005,-0.02108158542415892,-0.04736567544156607,11.084869511122916,6.25453981046871,0.055299901945134344,0.0,-0.14158761454876778,-0.15174734303542542,2.165241469191051,-0.03771820124135168,0.14156830614193006,0.0,434.41917805999435,435.32067154599827,434.0255820330004,434.6436412146419
1.0200000000000005,-0.030886617124186284,-0.057139113551974034,11.220109215291187,6.252157495527127,0.06430103984865809,0.0,-0.18622344484563816,-0.17428538232089827,2.3423300549478943,-0.044007930622591715,0.16305524090718376,0.0,464.5336967981766,466.23516741370634,466.1360706513311,465.6435858733556
1.0800000000000005,-0.04337318083327372,-0.06822161140247203,11.362813080078446,6.249503917519739,0.07415480233070326,0.0,-0.2309462344036719,-0.1953836169874127,2.4142339042629866,-0.044666520663468684,0.16647694116767484,0.0,433.0276294654476,433.3418370518578,434.63387558386125,434.57751811734613
1.1400000000000006,-0.058896410763225465,-0.08069263349643965,11.511869176240365,6.246484725004699,0.08468488502095362,0.0,-0.2875829337811382,-0.22060753199304364,2.5538909706519024,-0.06510152877958088,0.1892183636600293,0.0,455.04930579257393,456.89436645844756,456.2466826898274,454.6106030074784
1.2000000000000006,-0.07816370086685721,-0.0947926726282427,11.670554112678941,6.243860631899963,0.09612068614172209,0.0,-0.35592259462698006,-0.2497257271212288,2.7350437118960382,-0.01884377893923852,0.19321588615551388,0.0,468.48342843592013,468.82742374993876,467.8443233794307,471.4305903100358
1.2600000000000007,-0.1015326210979163,-0.11058420423847565,11.83740460800219,6.242333223793866,0.10759792819302127,0.0,-0.4241809576797869,-0.2767740792430376,2.8262741070945756,-0.043920815153806476,0.18712802632342168,0.0,444.34523378100255,443.8815297525274,442.3081795185408,440.23786254780964
1.3200000000000007,-0.12897317891058044,-0.1279376998301884,12.007371261708487,6.240229941310101,0.11852966473571325,0.0,-0.49148979166288587,-0.3018773137046371,2.8391039131727145,-0.021511015600526755,0.1698649109716982,0.0,419.07365836887493,417.6045504777545,416.5679850209555,418.5223061405649
1.3800000000000008,-0.16051581840918197,-0.14678403520226105,12.177001701401899,6.2388010220810735,0.12900309362782814,0.0,-0.56080428123742,-0.32644556412190484,2.8151633690155737,-0.02887524202262033,0.18258157503776884,0.0,404.0822180663615,405.25937842233407,407.25069812025447,406.5913228149046
1.4400000000000008,-0.1965417254256275,-0.16717814196648484,12.346264941379365,6.237163725958997,0.13987397749860886,0.0,-0.6410258090226526,-0.3535006872601761,2.826742957062678,-0.024289999713490003,0.17822749256879,0.0,418.63305449216097,418.28799008652044,417.63795620858014,418.03746508568173
1.5000000000000009,-0.23787308170481658,-0.18931923366649714,12.518263054862079,6.2355546788123295,0.1510585570360563,0.0,-0.7377428979819417,-0.38467017791667235,2.9061162444930964,-0.032422730216366956,0.19911613126592762,0.0,439.8646945042165,441.6247304069981,441.32925627629396,440.65729592829877
1.560000000000001,-0.28552623727871723,-0.21345257475308288,12.696858768140343,6.234058827639302,0.1628822868268136,0.0,-0.8519205801615115,-0.4199289693234671,3.0464361085004716,-0.013069945003524505,0.192608529955618,0.0,461.5435664800881,461.0660540167238,459.6969833399697,461.227837162515
1.620000000000001,-0.34014480868632624,-0.23968524820115764,12.88296478006027,6.23374665777251,0.17475252147767062,0.0,-0.9698600061041893,-0.4545212963634783,3.1565178136783096,0.00713118764275074,0.206638701187038,0.0,451.69723680767936,452.8645786757749,452.63916018776274,454.2620673463091
1.680000000000001,-0.40189461669139553,-0.2679395376760117,13.07452139153496,6.233784524981653,0.18705378196330358,0.0,-1.0896359947273244,-0.48723954068398295,3.228200754353781,-0.017374205780460953,0.20157806259969713,0.0,442.20168834290473,441.826128994372,442.91684534817875,440.89679182811136
1.740000000000001,-0.47052438810062797,-0.2980171064507243,13.26745339305872,6.232740211643328,0.19975225208305325,0.0,-1.1990739221420093,-0.5154259197613515,3.2026469102899635,-0.017467323427495483,0.22654365182182082,0.0,409.9795577519174,412.23913743819406,410.2130745413204,410.2048525878081
1.8000000000000012,-0.5464726335026561,-0.32993292502098864,13.461391938659272,6.231249900622615,0.21292435600474757,0.0,-1.333783571801933,-0.5485254493222257,3.261416747163255,-0.04669847349363291,0.19942099019681528,0.0,439.70517301300083,437.50001092207964,441.6370281723028,439.2190414044665
1.8600000000000012,-0.6305295608821719,-0.36381341027477687,13.657760130960531,6.22818134392387,0.2250938007386747,0.0,-1.4691884650014706,-0.5810684532313934,3.2837447649488136,-0.06197080997367661,0.20887466472242228,0.0,427.62697709232833,428.4734949547949,430.0735326547306,428.77611136196134
1.9200000000000013,-0.7235850207279554,-0.3998584987599213,13.858194968633168,6.224618144808042,0.23770713346860006,0.0,-1.6338786397194165,-0.6207705254066491,3.39659165180415,-0.05466522423553103,0.21278522770064465,0.0,459.8559464209313,460.20747806512173,457.7501135198304,458.32875171009874
1.9800000000000013,-0.8264079384899147,-0.43826280137835977,14.063755536077148,6.221244862144992,0.2509729548088213,0.0,-1.7947476780062932,-0.6596557269997109,3.4547426660895675,-0.05952953633278704,0.233958367948915,0.0,442.9427171550279,444.7285046819631,443.148632694774,442.746411852365
2.0400000000000014,-0.9406121481873154,-0.4794162192980425,14.278362133326233,6.217522722811548,0.26465629690929315,0.0,-2.0135395555007345,-0.7124841254434734,3.697303829703337,-0.06758640201322992,0.212407730646715,0.0,501.5614139571485,500.03857245147407,502.20842481774076,501.62136293157425
2.1000000000000014,-1.0658525676047343,-0.5232385245781249,14.49854481264181,6.2136723904380915,0.27733177477816984,0.0,-2.162184234264107,-0.7485555027647847,3.6417968840094472,-0.05809725982336372,0.20885766048598212,0.0,409.63013406427393,409.3624440540684,409.1642329519367,410.0048111581184
2.1600000000000015,-1.2014883506418603,-0.5695907949554678,14.719730707412245,6.210426947953753,0.2896014638172888,0.0,-2.3601430045520173,-0.7967964839174109,3.7301085460259853,-0.047090113910304515,0.19392911010172847,0.0,458.83919458343615,457.691892890442,458.5413465020699,459.4131174011398
2.2200000000000015,-1.3487220148399488,-0.6187662088114819,14.944353872329428,6.207649043910942,0.30082477146394027,0.0,-2.548643948416784,-0.8425950522921073,3.7566173080380745,-0.04476069104978544,0.16752463903810105,0.0,441.4895214843247,439.3390213378003,440.67374921732704,440.8649926097649
2.2800000000000016,-1.507970534832033,-0.6708560797844273,15.172062593269665,6.204961753904845,0.31113569062863977,0.0,-2.7605338199591225,-0.8939364445003571,3.832738618481553,-0.04484315839922857,0.17932498753456047,0.0,457.19421377224677,458.16079305279675,459.0603871301524,459.0527618299725
2.3400000000000016,-1.679893920499687,-0.7260127808701571,15.403458707318773,6.20208223220234,0.3217014275312122,0.0,-2.971166116921476,-0.9448224043321524,3.879588201842274,-0.05517742312225169,0.16870796269879607,0.0,451.419547879391,450.5912145076586,451.3522307095292,450.51593299432903
2.4000000000000017,-1.8647620097413087,-0.7842971158010806,15.637859546638008,6.199306000299883,0.33158782674247433,0.0,-3.191957408169748,-0.9982081793752029,3.932833462238922,-0.032679632940180975,0.15545176110682477,0.0,455.94211551714216,454.90674922708723,453.685714144775,455.4873466743966
2.4600000000000017,-2.063785164030423,-0.8460002244378142,15.877394781984263,6.197207807504402,0.34035848032905136,0.0,-3.4429112669167434,-1.0586797438967992,4.050409711030444,-0.039995317613200965,0.11174095337144688,0.0,479.54923410085127,476.2341357126158,477.45652013550404,476.8975516391091
2.520000000000002,-2.277037494043536,-0.911124759818817,16.12103377449163,6.194923105017001,0.34783679179088445,0.0,-3.6660981589918817,-1.1122956341315644,4.070119292604245,-0.03449729547627105,0.14251912259580332,0.0,447.58142933045167,450.09305930637066,448.28247541454556,448.7283869453485
2.580000000000002,-2.5053109921580825,-0.9798591665048255,16.369785114927357,6.192760571989119,0.3574681266236901,0.0,-3.9437415530033184,-1.1789578287418727,4.220021712451701,-0.0393256199189133,0.18290313698421354,0.0,489.84929147147716,492.8641289016204,492.60190667900656,492.24424356918155
2.640000000000002,-2.74900476074843,-1.052277227747486,16.623495695101408,6.191074892002963,0.36820049861290016,0.0,-4.180271560814427,-1.2350762878317587,4.23597765033124,-0.011902742990822888,0.1692791442043052,0.0,453.5386698985248,452.4730217674238,451.40840565374276,453.61594698031405
2.700000000000002,-3.006817487425371,-1.128014111279002,16.877323937901295,6.190335245108788,0.3780992964028558,0.0,-4.414310470158943,-1.2894856384012445,4.224084493828065,-0.013190667421057385,0.1545992002804218,0.0,445.91088126744893,444.73560335372315,446.0862281532877,445.98114969367276
2.760000000000002,-3.2794336125609735,-1.207155314076339,17.1317553509124,6.18939399193887,0.38748841481137486,0.0,-4.67363025595618,-1.3485458721420556,4.255812482599192,-0.021218073095243963,0.1600089542963447,0.0,461.8271170320158,462.27581444329564,462.72259728160446,462.0902190374566
2.820000000000002,-3.566619699480893,-1.2895802968069285,17.385088458587827,6.187872273263032,0.39694567945832393,0.0,-4.900048869018489,-1.3990177646208874,4.187960076353329,-0.03530128060509989,0.15236511541308495,0.0,431.0328567063839,430.41063618094745,431.78279179579465,430.5926281890802
2.880000000000002,-3.8673892784947044,-1.3750137845576478,17.633828149537848,6.185829772659453,0.4059839748983265,0.0,-5.12639743498644,-1.4488830663476078,4.102756255871332,-0.031635003355201086,0.1469441814232418,0.0,425.4719246925088,425.0299180911944,427.3560179964504,427.6679486375815
2.940000000000002,-4.182139247586611,-1.4635159948381373,17.87788446415569,6.183907570774846,0.4147366393838965,0.0,-5.366031526966392,-1.501288790001932,4.031727592975027,-0.032852277899671524,0.14365749289821803,0.0,432.9297791218972,432.6736282402391,433.1119402656507,433.00912352108077
3.000000000000002,-4.511779510867731,-1.5552630821764888,18.11833555156006,6.181567454366476,0.42377812041838236,0.0,-5.622722294149124,-1.5570488708063797,3.982390654115328,-0.05561507669104113,0.16195416181822386,0.0,440.9704009917761,442.50076889112887,443.873745605012,442.00047089390176
3.0600000000000023,-4.858377503835341,-1.6506984822950477,18.358707941262804,6.1780912546442295,0.4334334715242907,0.0,-5.931235161951704,-1.6243088271974846,4.028393755035908,-0.0630367655087038,0.1587779972504407,0.0,477.5217635687676,477.3020277181093,476.26196715566806,475.6917767691471
3.1200000000000023,-5.22464704970927,-1.750439720942785,18.6036955076368,6.174060702744439,0.44344911101654283,0.0,-6.278345414886166,-1.7005994019187576,4.1357177901581865,-0.07709670351500691,0.17959547084766642,0.0,498.9542697293889,500.4949398539947,500.42172968467196,499.3941378857575
3.1800000000000024,-5.609377921374139,-1.8542295725856506,18.84949444564982,6.170156934861849,0.45429380159742205,0.0,-6.546872029967555,-1.759284685759809,4.056473085095201,-0.04804040470704853,0.1829466078941469,0.0,442.10556953418876,442.41340182947374,441.9726029133048,444.3580422405953
3.2400000000000024,-6.009711590600319,-1.9614187530526985,19.088930096737922,6.166832000752851,0.46541788314225574,0.0,-6.798512675166762,-1.8138299799354514,3.9238825083132345,-0.07728433859651064,0.18990062973271543,0.0,426.3593969475328,426.9881090789633,426.77503684770386,424.26839184499397
3.3000000000000025,-6.427539325280463,-2.0724277986896946,19.324575415388832,6.162077213301176,0.4771310834669018,0.0,-7.129834064641852,-1.8866907575929637,3.9290359434020314,-0.0834889866828702,0.20415092449059694,0.0,476.0912835035887,477.214756098677,476.79934691675743,476.3203930298509
3.3600000000000025,-6.863354969059225,-2.187373984499418,19.556225711207738,6.157075025720655,0.4890130250039846,0.0,-7.3983044794207,-1.945086559387486,3.7915635033859636,-0.08313261919239903,0.18157177977915182,0.0,431.89025884549284,430.0203461236018,431.18714710206746,431.21136096263723
3.4200000000000026,-7.315094379356529,-2.3057830244960558,19.778719742099916,6.152573550003032,0.500249856387982,0.0,-7.660622275253724,-2.002099814791212,3.6240049770819183,-0.06239904688686723,0.19675976259444664,0.0,421.8696702088262,423.2152091637365,421.4578666352701,423.2416727621669
3.4800000000000026,-7.782354298234794,-2.4275521455869518,19.99022668462092,6.149371014198785,0.511799440709086,0.0,-7.915727974689065,-2.057009201682065,3.4254320510355782,-0.0396481392467359,0.18221172968582872,0.0,413.62337144473304,412.3788049426844,411.75562959455465,413.761760011034
3.5400000000000027,-8.268271336324885,-2.5533846852798736,20.19518211895189,6.1465962489365555,0.5225554658875602,0.0,-8.282149503091098,-2.1373853534700973,3.404296768132707,-0.0646424566817321,0.17262084039776004,0.0,480.2268560061427,479.5269962422859,480.43488012610544,478.53431378480485
3.6000000000000028,-8.77442200495621,-2.6835987235580587,20.39522293425395,6.142383107842843,0.5328978880644231,0.0,-8.590371579878084,-2.203212804477143,3.2623756544210507,-0.08472614786434843,0.17187551708623416,0.0,442.9287420736168,442.89607355774524,441.42707085278266,439.7621401894515
3.660000000000003,-9.298367784887464,-2.8175862679225747,20.585020800726387,6.13752688007078,0.5438107193223045,0.0,-8.87543945032185,-2.2632259337940965,3.0631413009795003,-0.07427392537431914,0.1967211634498785,0.0,422.631307674916,424.80113044149107,422.71581743829944,423.6101545713035
3.720000000000003,-9.840970642302418,-2.955534314168568,20.76484590104898,6.133006276090995,0.555709301205729,0.0,-9.212139334896804,-2.3351430096991104,2.9292461405289343,-0.0775717043859562,0.2013064395082559,0.0,451.22805389004833,451.6359364904366,451.29197828432774,451.02126404742404
3.780000000000003,-10.405182094352458,-3.0981156561529644,20.938236816138268,6.12898079873111,0.5682224640851521,0.0,-9.595570916276332,-2.417594339807794,2.8480608504359313,-0.0517120620751316,0.22008474709354064,0.0,474.12285032186844,475.6031199970521,473.92649465795233,475.90721694309354
3.840000000000003,-10.991544855282815,-3.245401750299051,21.10474004326814,6.1255588972090695,0.5818471671634668,0.0,-9.950663908260788,-2.491900008696055,2.6999546673326456,-0.0706563074831939,0.23828262591236157,0.0,457.3387720416504,458.83544360055566,455.7400341513314,454.2205569080648
3.900000000000003,-11.60018480433868,-3.3973330141385745,21.263128120885426,6.121100174102988,0.5963755930758614,0.0,-10.338024325125781,-2.572437997035678,2.5770516964301344,-0.08285998535420624,0.24890173215495282,0.0,470.5135717363831,471.390035370513,472.04965097577974,471.1026574726657
3.960000000000003,-12.23097565863711,-3.553797850021249,21.41183298090458,6.115680335654897,0.6111672485684903,0.0,-10.689157783784822,-2.643076127258772,2.3775961442972675,-0.1126554312160656,0.24130963388324334,0.0,449.91483217325833,449.35956156539726,449.9585136989849,447.53177942396616
4.020000000000002,-12.882802842145853,-3.7144633744278597,21.547852518337518,6.109587639929867,0.625443273315474,0.0,-11.039220133805223,-2.712508560941107,2.154235584112627,-0.08548907587062485,0.23016133498468744,0.0,445.5727349382482,444.7163535852996,445.0989842007993,447.3082273950442
4.080000000000001,-13.557286109913456,-3.8796579405736926,21.67205605570176,6.104598897414494,0.639162857601022,0.0,-11.444113324227901,-2.7939018570259275,1.9831142510393576,-0.07883123358368312,0.225479984023173,0.0,472.0505798473905,471.7376934596829,470.8090160402629,471.3188146084616
4.14,-14.256501485742495,-4.049795616371994,21.78586103231239,6.099398478010826,0.6529635394304956,0.0,-11.863537036669587,-2.877225751807861,1.8074326084077115,-0.1109291186101932,0.23779439453779078,0.0,477.00273918110327,477.9909218454695,477.4659654103687,475.00377457674927
4.199999999999998,-14.981166817253712,-4.224957433405958,21.888762877709564,6.092859265878854,0.6672459492464586,0.0,-12.292349069202544,-2.961414506335373,1.6194446065199342,-0.10536373001946645,0.23852624961953756,0.0,480.02217696047285,480.1296616187314,479.6489271829652,480.0620368950333
4.259999999999997,-15.731330634302626,-4.405075669135124,21.97936019658408,6.086480172201391,0.6820844981561853,0.0,-12.713498442848861,-3.042390089931853,1.3973224892247096,-0.108297273279292,0.2607340054188326,0.0,474.55370884867415,476.3121505457753,475.06224490550903,474.82805615172157
4.319999999999996,-16.505548241124085,-4.58971050093788,22.05443362317037,6.080081162202193,0.6977487216802842,0.0,-13.094318922523032,-3.111968366031827,1.102358080063078,-0.10354673431670454,0.2617333526313506,0.0,454.0162784016204,454.1635003446736,455.1682650724299,455.5387709191292
4.379999999999995,-17.300767363878204,-4.778017662209249,22.10896806659851,6.0737468504583845,0.7134764099311823,0.0,-13.413892488603766,-3.1648486321343254,0.7134124119982683,-0.10996136346982426,0.2629045195048465,0.0,422.33224019799707,422.50640228555307,422.54518666923207,421.9811441358423
4.439999999999993,-18.11784829026247,-4.970079527333279,22.14255770744212,6.06725769077463,0.7290753548463691,0.0,-13.822505072610324,-3.23696901263807,0.40305586776567254,-0.1047634282591943,0.25339939972252845,0.0,462.31100665558995,461.6262675907686,463.141211515676,463.54025754841734
4.499999999999992,-18.95771525608456,-5.165983453537076,22.154918043968976,6.061051587378232,0.7442468607379853,0.0,-14.173795818998045,-3.2929696179438297,0.006460072069254946,-0.10090454549627227,0.2517563715254357,0.0,433.52742473532777,433.45523440297984,435.4049810540475,435.7183117501508
4.559999999999991,-19.820323393481,-5.365567766113124,22.14456654541557,6.054655197381962,0.7593542610357051,0.0,-14.580186457280362,-3.3595216340276055,-0.35471145634144097,-0.12155065517567393,0.25185704274415416,0.0,458.2946159229439,458.3641229756014,458.31372698109953,456.65916694800393
4.6199999999999894,-20.708432494685045,-5.569329334042431,22.11295472287278,6.047559744313393,0.7746621674768379,0.0,-15.023521477527066,-3.4321333283207665,-0.7027502293348061,-0.112378315737522,0.2609751577355522,0.0,472.7499060666061,473.5131861757502,472.7654477548001,473.4602960556591
4.679999999999988,-21.625423081450577,-5.777902797892133,22.06193948071444,6.0409713526063396,0.7902142934932437,0.0,-15.542298645490622,-3.519701241604804,-1.002488747876052,-0.10510772886562456,0.25540570582973865,0.0,503.68980521529585,503.3456162016138,504.4738129935286,504.98966638990237
4.739999999999987,-22.572049468166945,-5.99127393616754,21.990662243410043,6.034575649145241,0.8053472116120863,0.0,-16.01169363845726,-3.59208876547075,-1.377618978871727,-0.10974638872245104,0.24493604487234422,0.0,487.3022895842469,486.576315439397,484.8614258867416,484.5037026307179
4.799999999999986,-23.54477374367309,-6.2083910638285404,21.894153696878778,6.027735916001406,0.8201035967446355,0.0,-16.412753098565794,-3.644670677211599,-1.8427907923421947,-0.12423402009759704,0.24787126144526986,0.0,458.13452535223524,458.42649611319894,458.46964601265285,457.30518702053183
4.859999999999984,-24.543672075178183,-6.429046386738684,21.770866832664257,6.0216579719157295,0.8348236953663939,0.0,-16.883572866079756,-3.70982824324492,-2.271135162727218,-0.07536159860222016,0.23972007631843845,0.0,486.3366254338902,485.77995092932656,483.84753330269666,487.5055806931983
4.919999999999983,-25.568083436173545,-6.652839403187862,21.618658852814377,6.0167631572009554,0.8495635956480871,0.0,-17.263996005499497,-3.749387418209065,-2.8058721263619137,-0.09844978609104067,0.2554666080084294,0.0,448.2383922108336,449.5763077904494,451.39470441262716,449.52103062750984
4.979999999999982,-26.615177932312395,-6.878835196237556,21.433459210823777,6.011104994953673,0.8654208226627986,0.0,-17.639539602937862,-3.783197070375359,-3.3710518736270094,-0.08708966912548355,0.2777549003264519,0.0,446.1794491729866,448.0655373043294,445.2774665320616,446.19880687201623
5.0399999999999805,-27.6841078745536,-7.10655581613062,21.212978554132572,6.006077390429525,0.8817910642671851,0.0,-17.99191082948934,-3.806858326187419,-3.981877784378746,-0.07790751844371527,0.2605672594846481,0.0,436.25939926055656,434.89756531932704,435.7124013184478,436.47393573995885
